1010010100100
110100010000000000010000010
110000000000010010000000000010010
1100000000000100001000000000001000010
110000000000010000010000000000010000010
11000000000001000100000000001000100
110000000000100001000000000010000100
110000000000100100010000100
1100000000001000001000000000100010
11000100100010010
110001000010001000010
11000100000100010000010
110001000100001000100
110000000001000010000000001000010
1100000000010001001000100
1100001001000001000100
11000010000100000001000100
11000010000010000000000010000010
1100000100100000100100
11000001000010000010000100
1100000100000100000100000100
11000001000100000010010
11000000010010000000100100
110000000100001000000010000100
11000000010000010000000100000100
110000000100010000000010010
11000000100100000010010
11000000100000100000010000010
110000001000010000001000010
11000000100010000100100
110000000010010000000010010
1100000000100001000000001000010
110000000010000010000000010000010
110000000010001000010000100
1100100001001000100